27.827895,77.732599
27.829960,77.730977
27.822694,77.729488
27.821840,77.711690
27.827052,77.711363
27.811796,77.719797
27.810980,77.720356
27.808133,77.719373
27.811128,77.714275
27.808869,77.712878
27.808439,77.714006
27.806533,77.714180
27.805252,77.714241
27.800959,77.714152
27.799939,77.714386
27.797761,77.715187
27.797238,77.716145
27.794915,77.715380
27.792633,77.716340
27.791078,77.714740
27.792633,77.716352
27.791448,77.716995
27.790859,77.717866
27.789698,77.716108
27.788740,77.716015
27.783314,77.722231
27.782145,77.723028
27.781270,77.723476
27.778565,77.727506
27.776935,77.726823
27.776217,77.728884
27.788731,77.738726
27.793001,77.739494
27.794043,77.739190
27.782336,77.736710
27.781389,77.733305
27.780146,77.732371
27.778667,77.729921
27.764633,77.720812
27.766097,77.721922
27.766339,77.722985
27.765756,77.723692
27.765178,77.722797
27.764746,77.723604
27.763897,77.722703
27.764187,77.724545
27.763607,77.724059
27.763007,77.723771
27.762854,77.724985
27.761768,77.725389
27.760769,77.725567
27.760247,77.724829
27.759886,77.725787
27.768109,77.727301
27.766203,77.725274
27.765654,77.725916
27.765362,77.726702
27.764725,77.725890
27.763707,77.726028
27.761807,77.726611
27.760601,77.727253
27.760198,77.728154
27.760115,77.730246
27.759486,77.729906
27.758753,77.730620
27.758603,77.741109
27.757381,77.741833
27.756355,77.741660
27.756408,77.740837
27.766534,77.748201
27.947166,77.617038
27.902727,77.654982
27.898829,77.659781
27.897160,77.660715
27.896256,77.662109
27.895840,77.664339
28.417084,77.383061
28.420564,77.383202
28.411563,77.379663
28.407666,77.378662
28.389455,77.388487
28.380395,77.389888
28.376545,77.392006
28.376768,77.393826
28.374258,77.394823
28.371254,77.392296
28.367557,77.391923
28.310389,77.398418
28.311349,77.397153
28.273480,77.394193
28.274806,77.388823
28.275884,77.389251
28.277743,77.393450
28.279982,77.397983
28.281883,77.395791
28.282094,77.399824
28.283903,77.396844
28.284607,77.393627
28.285608,77.393388
28.285062,77.391649
28.286387,77.390165
28.286839,77.388503
28.284969,77.387695
28.291625,77.382326
28.291535,77.378990
28.288276,77.369448
28.295951,77.372479
28.296437,77.371513
28.288275,77.369448
28.265191,77.330099
28.264741,77.333471
28.261130,77.329412
28.260001,77.325290
28.261362,77.326080
28.255576,77.331243
28.254628,77.334593
28.251345,77.327067
28.251750,77.330409
28.250837,77.330724
28.250870,77.331986
28.250662,77.334172
28.251500,77.335815
29.781812,75.710328
29.777145,75.710091
29.863357,75.780320
29.862416,75.787679
29.863677,75.761536
29.854375,75.749120
29.832616,75.775969
29.831830,75.786873
29.862597,75.720408
30.131467,75.837440
30.120697,75.719929
30.127590,75.722996
30.127486,75.709495
30.121977,75.703855
30.120327,75.703656
30.118768,75.701084
30.112439,75.702476
30.112134,75.708931
30.109250,75.700252
30.097153,75.706455
30.740116,75.687704
30.765286,75.715330
30.818493,75.775095
30.814479,75.776465
30.820146,75.754195
30.819652,75.736958
30.815851,75.731110
30.819937,75.714679
30.838058,75.712053
30.838839,75.711158
30.839942,75.713830
30.839452,75.709429
30.838701,75.697536
30.844776,75.693644
30.838359,75.690631
30.838376,75.685852
30.827402,75.692625
30.860135,75.669159
31.563392,74.928026
31.799265,75.392327
31.797753,75.386424
31.796799,75.389562
31.796147,75.395393
30.625137,76.869562
30.616676,76.868897
30.616372,76.872909
30.614384,76.875768
30.614376,76.882000
30.607966,76.894788
30.616671,76.868884
30.604858,76.920614
30.496978,77.510813
30.107783,77.253484
31.793550,75.340520
31.795256,75.220524
31.795041,75.232834
31.795876,75.241595
31.785159,75.265535
31.783587,75.264765
31.787737,75.198132
31.784797,75.197544
31.527598,75.059829
31.444183,75.038153
31.423647,75.024976
31.319504,75.034557
31.260530,74.983878
31.252023,74.988458
31.247213,75.002815
31.239089,74.995748