12.715647,77.635631
12.946536,77.570694
13.061197,77.357224
13.060780,77.361517
13.059567,77.350726
13.084368,77.318683
13.056660,77.431729
13.084922,77.437960
11.766966,76.177548
11.768775,76.172260
11.812679,76.151831
27.420526,74.059918
27.398177,74.019507
29.133079,76.629820
29.143792,76.612895
29.178800,76.617593
30.145926,75.921331
30.247135,76.204220
30.298321,76.266623
30.222511,76.530197
30.279599,76.771164
30.369758,76.818469
30.368163,76.808029
30.397653,76.782827
30.844633,77.238087
30.846427,77.241930
28.095031,77.572252
28.103844,77.586747
28.171973,77.551811
23.777437,78.534377
23.840853,78.652842
22.978823,78.298591
22.558419,78.043949
22.384857,77.927682
19.449648,77.357233
19.416850,77.321902
19.347891,77.217450
18.189637,80.574772
18.212720,80.645947
13.026521,78.161765
13.013485,78.164387
13.010041,78.172620
13.006901,78.205377
12.983711,78.236586
12.954252,78.009477
12.950036,77.990499
12.879657,77.959586
12.848153,77.894540
28.554304,77.180944
28.576141,77.181256

