12.976501,77.924818
12.976765,77.925249
12.977071,77.925428
12.977619,77.925753
12.978045,77.926036
12.980035,77.927299
12.981896,77.926600
12.982498,77.926674
12.985486,77.925599
12.984446,77.914259
12.985452,77.912096
12.983261,77.910443
12.981047,77.908609
12.981522,77.910066
12.980478,77.909584
12.979443,77.909340
12.978243,77.906603
12.977926,77.905526
12.977418,77.905298
12.975309,77.907718
12.965335,77.906258
12.965689,77.905334
12.963477,77.905116
12.961623,77.902264
12.957454,77.896754
12.954746,77.903795
12.940233,77.907814
12.934083,77.907006
12.928638,77.901016
12.927394,77.904563
12.925687,77.906149
12.925355,77.906450
12.926319,77.906322
12.926623,77.906279
12.927542,77.906785
12.918669,77.917156
12.895010,77.908221
12.892714,77.907227
12.954051,77.948765
12.943710,77.943478
12.944246,77.955031
12.948684,77.955138
12.953895,77.953901
12.958312,77.957935
12.962795,77.955854
12.963896,77.951077
12.970504,77.948926
12.970008,77.948183
12.969577,77.949740
12.971943,77.947008

